name: rpsEnv_clone
channels:
  - anaconda
  - conda-forge
  - defaults
dependencies:
  - absl-py=0.8.1=py36_0
  - astor=0.7.1=py_0
  - blas=1.0=mkl
  - ca-certificates=2020.1.1=0
  - certifi=2019.11.28=py36_0
  - cycler=0.10.0=py_2
  - freetype=2.10.0=h563cfd7_1
  - gast=0.3.2=py_0
  - grpcio=1.23.0=py36h3db2c7e_0
  - h5py=2.10.0=nompi_py36h422b98e_100
  - hdf5=1.10.5=nompi_ha405e13_1104
  - icc_rt=2019.0.0=h0cc432a_1
  - icu=64.2=he025d50_1
  - intel-openmp=2019.4=245
  - joblib=0.14.0=py_0
  - jpeg=9c=hfa6e2cd_1001
  - keras=2.3.1=py36h21ff451_0
  - keras-applications=1.0.8=py_1
  - keras-preprocessing=1.1.0=py_0
  - kiwisolver=1.1.0=py36he980bc4_0
  - libblas=3.8.0=14_mkl
  - libcblas=3.8.0=14_mkl
  - libclang=9.0.0=default_hf44288c_4
  - libgpuarray=0.7.6=hfa6e2cd_1003
  - liblapack=3.8.0=14_mkl
  - liblapacke=3.8.0=14_mkl
  - libopencv=4.1.2=py36_2
  - libpng=1.6.37=h7602738_0
  - libprotobuf=3.11.0=h1a1b453_0
  - libtiff=4.1.0=h21b02b4_1
  - libwebp=1.0.2=hfa6e2cd_4
  - lz4-c=1.8.3=he025d50_1001
  - m2w64-gcc-libgfortran=5.3.0=6
  - m2w64-gcc-libs=5.3.0=7
  - m2w64-gcc-libs-core=5.3.0=7
  - m2w64-gmp=6.1.0=2
  - m2w64-libwinpthread-git=5.0.0.4634.697f757=2
  - mako=1.1.0=py_0
  - markdown=3.1.1=py_0
  - markupsafe=1.1.1=py36hfa6e2cd_0
  - matplotlib=3.1.2=py36_1
  - matplotlib-base=3.1.2=py36h2981e6d_1
  - mkl=2019.4=245
  - mkl-service=2.3.0=py36hfa6e2cd_0
  - msys2-conda-epoch=20160418=1
  - numpy=1.17.3=py36hc71023c_0
  - opencv=4.1.2=py36_2
  - openssl=1.1.1d=he774522_4
  - pandas=1.0.1=py36h47e9c7a_0
  - pip=19.3.1=py36_0
  - protobuf=3.11.0=py36he025d50_0
  - py-opencv=4.1.2=py36h5ca1d4c_2
  - pygpu=0.7.6=py36hc8d92b1_1000
  - pyparsing=2.4.5=py_0
  - pyqt=5.12.3=py36h6538335_1
  - pyreadline=2.1=py36_1001
  - python=3.6.7=he025d50_1005
  - python-dateutil=2.8.1=py_0
  - pytz=2019.3=py_0
  - pyyaml=3.13=py36hfa6e2cd_1001
  - qt=5.12.5=h7ef1ec2_0
  - scikit-learn=0.21.3=py36h6288b17_0
  - scipy=1.3.1=py36h29ff71c_0
  - setuptools=42.0.1=py36_0
  - six=1.13.0=py36_0
  - sqlite=3.30.1=hfa6e2cd_0
  - tensorboard=1.13.1=py36_0
  - tensorflow=1.13.2=h21ff451_0
  - tensorflow-base=1.13.2=py36_0
  - tensorflow-estimator=1.13.0=py36h39e3cac_0
  - termcolor=1.1.0=py_2
  - theano=1.0.4=py36h6538335_1000
  - tornado=6.0.3=py36hfa6e2cd_0
  - vc=14.1=h0510ff6_4
  - vs2015_runtime=14.16.27012=hf0eaf9b_0
  - vs2015_win-64=14.0.25420=h55c1224_11
  - werkzeug=0.16.0=py_0
  - wheel=0.33.6=py36_0
  - wincertstore=0.2=py36_1003
  - xz=5.2.4=h2fa13f4_1001
  - yaml=0.2.2=0
  - zlib=1.2.11=h2fa13f4_1006
  - zstd=1.4.4=hd8a0e53_1
  - pip:
    - attrs==19.3.0
    - backcall==0.1.0
    - bleach==3.1.1
    - colorama==0.4.3
    - decorator==4.4.2
    - defusedxml==0.6.0
    - entrypoints==0.3
    - importlib-metadata==1.5.0
    - ipykernel==5.1.4
    - ipython==7.13.0
    - ipython-genutils==0.2.0
    - ipywidgets==7.5.1
    - jedi==0.16.0
    - jinja2==2.11.1
    - jsonschema==3.2.0
    - jupyter==1.0.0
    - jupyter-client==6.0.0
    - jupyter-console==6.1.0
    - jupyter-core==4.6.3
    - mistune==0.8.4
    - nbconvert==5.6.1
    - nbformat==5.0.4
    - notebook==6.0.3
    - pandocfilters==1.4.2
    - parso==0.6.2
    - pickleshare==0.7.5
    - prometheus-client==0.7.1
    - prompt-toolkit==3.0.4
    - pydot==1.4.1
    - pygments==2.6.1
    - pyqt5-sip==4.19.18
    - pyqtwebengine==5.12.1
    - pyrsistent==0.15.7
    - pywin32==227
    - pywinpty==0.5.7
    - pyzmq==19.0.0
    - qtconsole==4.7.1
    - qtpy==1.9.0
    - send2trash==1.5.0
    - terminado==0.8.3
    - testpath==0.4.4
    - traitlets==4.3.3
    - wcwidth==0.1.8
    - webencodings==0.5.1
    - widgetsnbextension==3.5.1
    - zipp==3.1.0
prefix: C:\Users\gustav.k.lundberg\AppData\Local\Continuum\anaconda3\envs\rpsEnv_clone

